2 2
Demo-2x2 1
1 00001U 00000ABC 00001.00000000  .00000000  00000-0  00000+0 0    04
2 00001  53.0000   0.0000 0000001   0.0000   0.0000 15.07000000    05
Demo-2x2 2
1 00002U 00000ABC 00001.00000000  .00000000  00000-0  00000+0 0    05
2 00002  53.0000   0.0000 0000001   0.0000 180.0000 15.07000000    05
Demo-2x2 3
1 00003U 00000ABC 00001.00000000  .00000000  00000-0  00000+0 0    06
2 00003  53.0000 180.0000 0000001   0.0000   0.0000 15.07000000    06
Demo-2x2 4
1 00004U 00000ABC 00001.00000000  .00000000  00000-0  00000+0 0    07
2 00004  53.0000 180.0000 0000001   0.0000 180.0000 15.07000000    06
