5 5
Demo-5x5 1
1 00001U 00000ABC 00001.00000000  .00000000  00000-0  00000+0 0    04
2 00001  53.0000   0.0000 0000001   0.0000   0.0000 15.07000000    05
Demo-5x5 2
1 00002U 00000ABC 00001.00000000  .00000000  00000-0  00000+0 0    05
2 00002  53.0000   0.0000 0000001   0.0000  72.0000 15.07000000    05
Demo-5x5 3
1 00003U 00000ABC 00001.00000000  .00000000  00000-0  00000+0 0    06
2 00003  53.0000   0.0000 0000001   0.0000 144.0000 15.07000000    06
Demo-5x5 4
1 00004U 00000ABC 00001.00000000  .00000000  00000-0  00000+0 0    07
2 00004  53.0000   0.0000 0000001   0.0000 216.0000 15.07000000    07
Demo-5x5 5
1 00005U 00000ABC 00001.00000000  .00000000  00000-0  00000+0 0    08
2 00005  53.0000   0.0000 0000001   0.0000 288.0000 15.07000000    07
Demo-5x5 6
1 00006U 00000ABC 00001.00000000  .00000000  00000-0  00000+0 0    09
2 00006  53.0000  72.0000 0000001   0.0000   0.0000 15.07000000    09
Demo-5x5 7
1 00007U 00000ABC 00001.00000000  .00000000  00000-0  00000+0 0    00
2 00007  53.0000  72.0000 0000001   0.0000  72.0000 15.07000000    09
Demo-5x5 8
1 00008U 00000ABC 00001.00000000  .00000000  00000-0  00000+0 0    01
2 00008  53.0000  72.0000 0000001   0.0000 144.0000 15.07000000    00
Demo-5x5 9
1 00009U 00000ABC 00001.00000000  .00000000  00000-0  00000+0 0    02
2 00009  53.0000  72.0000 0000001   0.0000 216.0000 15.07000000    01
Demo-5x5 10
1 00010U 00000ABC 00001.00000000  .00000000  00000-0  00000+0 0    04
2 00010  53.0000  72.0000 0000001   0.0000 288.0000 15.07000000    02
Demo-5x5 11
1 00011U 00000ABC 00001.00000000  .00000000  00000-0  00000+0 0    05
2 00011  53.0000 144.0000 0000001   0.0000   0.0000 15.07000000    05
Demo-5x5 12
1 00012U 00000ABC 00001.00000000  .00000000  00000-0  00000+0 0    06
2 00012  53.0000 144.0000 0000001   0.0000  72.0000 15.07000000    05
Demo-5x5 13
1 00013U 00000ABC 00001.00000000  .00000000  00000-0  00000+0 0    07
2 00013  53.0000 144.0000 0000001   0.0000 144.0000 15.07000000    06
Demo-5x5 14
1 00014U 00000ABC 00001.00000000  .00000000  00000-0  00000+0 0    08
2 00014  53.0000 144.0000 0000001   0.0000 216.0000 15.07000000    07
Demo-5x5 15
1 00015U 00000ABC 00001.00000000  .00000000  00000-0  00000+0 0    09
2 00015  53.0000 144.0000 0000001   0.0000 288.0000 15.07000000    07
Demo-5x5 16
1 00016U 00000ABC 00001.00000000  .00000000  00000-0  00000+0 0    00
2 00016  53.0000 216.0000 0000001   0.0000   0.0000 15.07000000    00
Demo-5x5 17
1 00017U 00000ABC 00001.00000000  .00000000  00000-0  00000+0 0    01
2 00017  53.0000 216.0000 0000001   0.0000  72.0000 15.07000000    00
Demo-5x5 18
1 00018U 00000ABC 00001.00000000  .00000000  00000-0  00000+0 0    02
2 00018  53.0000 216.0000 0000001   0.0000 144.0000 15.07000000    01
Demo-5x5 19
1 00019U 00000ABC 00001.00000000  .00000000  00000-0  00000+0 0    03
2 00019  53.0000 216.0000 0000001   0.0000 216.0000 15.07000000    02
Demo-5x5 20
1 00020U 00000ABC 00001.00000000  .00000000  00000-0  00000+0 0    05
2 00020  53.0000 216.0000 0000001   0.0000 288.0000 15.07000000    03
Demo-5x5 21
1 00021U 00000ABC 00001.00000000  .00000000  00000-0  00000+0 0    06
2 00021  53.0000 288.0000 0000001   0.0000   0.0000 15.07000000    05
Demo-5x5 22
1 00022U 00000ABC 00001.00000000  .00000000  00000-0  00000+0 0    07
2 00022  53.0000 288.0000 0000001   0.0000  72.0000 15.07000000    05
Demo-5x5 23
1 00023U 00000ABC 00001.00000000  .00000000  00000-0  00000+0 0    08
2 00023  53.0000 288.0000 0000001   0.0000 144.0000 15.07000000    06
Demo-5x5 24
1 00024U 00000ABC 00001.00000000  .00000000  00000-0  00000+0 0    09
2 00024  53.0000 288.0000 0000001   0.0000 216.0000 15.07000000    07
Demo-5x5 25
1 00025U 00000ABC 00001.00000000  .00000000  00000-0  00000+0 0    00
2 00025  53.0000 288.0000 0000001   0.0000 288.0000 15.07000000    07
