16 16
Demo-16x16 1
1 00001U 00000ABC 00001.00000000  .00000000  00000-0  00000+0 0    04
2 00001  53.0000   0.0000 0000001   0.0000   0.0000 15.07000000    05
Demo-16x16 2
1 00002U 00000ABC 00001.00000000  .00000000  00000-0  00000+0 0    05
2 00002  53.0000   0.0000 0000001   0.0000  22.5000 15.07000000    05
Demo-16x16 3
1 00003U 00000ABC 00001.00000000  .00000000  00000-0  00000+0 0    06
2 00003  53.0000   0.0000 0000001   0.0000  45.0000 15.07000000    06
Demo-16x16 4
1 00004U 00000ABC 00001.00000000  .00000000  00000-0  00000+0 0    07
2 00004  53.0000   0.0000 0000001   0.0000  67.5000 15.07000000    06
Demo-16x16 5
1 00005U 00000ABC 00001.00000000  .00000000  00000-0  00000+0 0    08
2 00005  53.0000   0.0000 0000001   0.0000  90.0000 15.07000000    08
Demo-16x16 6
1 00006U 00000ABC 00001.00000000  .00000000  00000-0  00000+0 0    09
2 00006  53.0000   0.0000 0000001   0.0000 112.5000 15.07000000    09
Demo-16x16 7
1 00007U 00000ABC 00001.00000000  .00000000  00000-0  00000+0 0    00
2 00007  53.0000   0.0000 0000001   0.0000 135.0000 15.07000000    00
Demo-16x16 8
1 00008U 00000ABC 00001.00000000  .00000000  00000-0  00000+0 0    01
2 00008  53.0000   0.0000 0000001   0.0000 157.5000 15.07000000    00
Demo-16x16 9
1 00009U 00000ABC 00001.00000000  .00000000  00000-0  00000+0 0    02
2 00009  53.0000   0.0000 0000001   0.0000 180.0000 15.07000000    02
Demo-16x16 10
1 00010U 00000ABC 00001.00000000  .00000000  00000-0  00000+0 0    04
2 00010  53.0000   0.0000 0000001   0.0000 202.5000 15.07000000    04
Demo-16x16 11
1 00011U 00000ABC 00001.00000000  .00000000  00000-0  00000+0 0    05
2 00011  53.0000   0.0000 0000001   0.0000 225.0000 15.07000000    05
Demo-16x16 12
1 00012U 00000ABC 00001.00000000  .00000000  00000-0  00000+0 0    06
2 00012  53.0000   0.0000 0000001   0.0000 247.5000 15.07000000    05
Demo-16x16 13
1 00013U 00000ABC 00001.00000000  .00000000  00000-0  00000+0 0    07
2 00013  53.0000   0.0000 0000001   0.0000 270.0000 15.07000000    07
Demo-16x16 14
1 00014U 00000ABC 00001.00000000  .00000000  00000-0  00000+0 0    08
2 00014  53.0000   0.0000 0000001   0.0000 292.5000 15.07000000    07
Demo-16x16 15
1 00015U 00000ABC 00001.00000000  .00000000  00000-0  00000+0 0    09
2 00015  53.0000   0.0000 0000001   0.0000 315.0000 15.07000000    09
Demo-16x16 16
1 00016U 00000ABC 00001.00000000  .00000000  00000-0  00000+0 0    00
2 00016  53.0000   0.0000 0000001   0.0000 337.5000 15.07000000    09
Demo-16x16 17
1 00017U 00000ABC 00001.00000000  .00000000  00000-0  00000+0 0    01
2 00017  53.0000  22.5000 0000001   0.0000   0.0000 15.07000000    01
Demo-16x16 18
1 00018U 00000ABC 00001.00000000  .00000000  00000-0  00000+0 0    02
2 00018  53.0000  22.5000 0000001   0.0000  22.5000 15.07000000    01
Demo-16x16 19
1 00019U 00000ABC 00001.00000000  .00000000  00000-0  00000+0 0    03
2 00019  53.0000  22.5000 0000001   0.0000  45.0000 15.07000000    02
Demo-16x16 20
1 00020U 00000ABC 00001.00000000  .00000000  00000-0  00000+0 0    05
2 00020  53.0000  22.5000 0000001   0.0000  67.5000 15.07000000    03
Demo-16x16 21
1 00021U 00000ABC 00001.00000000  .00000000  00000-0  00000+0 0    06
2 00021  53.0000  22.5000 0000001   0.0000  90.0000 15.07000000    05
Demo-16x16 22
1 00022U 00000ABC 00001.00000000  .00000000  00000-0  00000+0 0    07
2 00022  53.0000  22.5000 0000001   0.0000 112.5000 15.07000000    06
Demo-16x16 23
1 00023U 00000ABC 00001.00000000  .00000000  00000-0  00000+0 0    08
2 00023  53.0000  22.5000 0000001   0.0000 135.0000 15.07000000    07
Demo-16x16 24
1 00024U 00000ABC 00001.00000000  .00000000  00000-0  00000+0 0    09
2 00024  53.0000  22.5000 0000001   0.0000 157.5000 15.07000000    07
Demo-16x16 25
1 00025U 00000ABC 00001.00000000  .00000000  00000-0  00000+0 0    00
2 00025  53.0000  22.5000 0000001   0.0000 180.0000 15.07000000    09
Demo-16x16 26
1 00026U 00000ABC 00001.00000000  .00000000  00000-0  00000+0 0    01
2 00026  53.0000  22.5000 0000001   0.0000 202.5000 15.07000000    00
Demo-16x16 27
1 00027U 00000ABC 00001.00000000  .00000000  00000-0  00000+0 0    02
2 00027  53.0000  22.5000 0000001   0.0000 225.0000 15.07000000    01
Demo-16x16 28
1 00028U 00000ABC 00001.00000000  .00000000  00000-0  00000+0 0    03
2 00028  53.0000  22.5000 0000001   0.0000 247.5000 15.07000000    01
Demo-16x16 29
1 00029U 00000ABC 00001.00000000  .00000000  00000-0  00000+0 0    04
2 00029  53.0000  22.5000 0000001   0.0000 270.0000 15.07000000    03
Demo-16x16 30
1 00030U 00000ABC 00001.00000000  .00000000  00000-0  00000+0 0    06
2 00030  53.0000  22.5000 0000001   0.0000 292.5000 15.07000000    04
Demo-16x16 31
1 00031U 00000ABC 00001.00000000  .00000000  00000-0  00000+0 0    07
2 00031  53.0000  22.5000 0000001   0.0000 315.0000 15.07000000    06
Demo-16x16 32
1 00032U 00000ABC 00001.00000000  .00000000  00000-0  00000+0 0    08
2 00032  53.0000  22.5000 0000001   0.0000 337.5000 15.07000000    06
Demo-16x16 33
1 00033U 00000ABC 00001.00000000  .00000000  00000-0  00000+0 0    09
2 00033  53.0000  45.0000 0000001   0.0000   0.0000 15.07000000    09
Demo-16x16 34
1 00034U 00000ABC 00001.00000000  .00000000  00000-0  00000+0 0    00
2 00034  53.0000  45.0000 0000001   0.0000  22.5000 15.07000000    09
Demo-16x16 35
1 00035U 00000ABC 00001.00000000  .00000000  00000-0  00000+0 0    01
2 00035  53.0000  45.0000 0000001   0.0000  45.0000 15.07000000    00
Demo-16x16 36
1 00036U 00000ABC 00001.00000000  .00000000  00000-0  00000+0 0    02
2 00036  53.0000  45.0000 0000001   0.0000  67.5000 15.07000000    00
Demo-16x16 37
1 00037U 00000ABC 00001.00000000  .00000000  00000-0  00000+0 0    03
2 00037  53.0000  45.0000 0000001   0.0000  90.0000 15.07000000    02
Demo-16x16 38
1 00038U 00000ABC 00001.00000000  .00000000  00000-0  00000+0 0    04
2 00038  53.0000  45.0000 0000001   0.0000 112.5000 15.07000000    03
Demo-16x16 39
1 00039U 00000ABC 00001.00000000  .00000000  00000-0  00000+0 0    05
2 00039  53.0000  45.0000 0000001   0.0000 135.0000 15.07000000    04
Demo-16x16 40
1 00040U 00000ABC 00001.00000000  .00000000  00000-0  00000+0 0    07
2 00040  53.0000  45.0000 0000001   0.0000 157.5000 15.07000000    05
Demo-16x16 41
1 00041U 00000ABC 00001.00000000  .00000000  00000-0  00000+0 0    08
2 00041  53.0000  45.0000 0000001   0.0000 180.0000 15.07000000    07
Demo-16x16 42
1 00042U 00000ABC 00001.00000000  .00000000  00000-0  00000+0 0    09
2 00042  53.0000  45.0000 0000001   0.0000 202.5000 15.07000000    08
Demo-16x16 43
1 00043U 00000ABC 00001.00000000  .00000000  00000-0  00000+0 0    00
2 00043  53.0000  45.0000 0000001   0.0000 225.0000 15.07000000    09
Demo-16x16 44
1 00044U 00000ABC 00001.00000000  .00000000  00000-0  00000+0 0    01
2 00044  53.0000  45.0000 0000001   0.0000 247.5000 15.07000000    09
Demo-16x16 45
1 00045U 00000ABC 00001.00000000  .00000000  00000-0  00000+0 0    02
2 00045  53.0000  45.0000 0000001   0.0000 270.0000 15.07000000    01
Demo-16x16 46
1 00046U 00000ABC 00001.00000000  .00000000  00000-0  00000+0 0    03
2 00046  53.0000  45.0000 0000001   0.0000 292.5000 15.07000000    01
Demo-16x16 47
1 00047U 00000ABC 00001.00000000  .00000000  00000-0  00000+0 0    04
2 00047  53.0000  45.0000 0000001   0.0000 315.0000 15.07000000    03
Demo-16x16 48
1 00048U 00000ABC 00001.00000000  .00000000  00000-0  00000+0 0    05
2 00048  53.0000  45.0000 0000001   0.0000 337.5000 15.07000000    03
Demo-16x16 49
1 00049U 00000ABC 00001.00000000  .00000000  00000-0  00000+0 0    06
2 00049  53.0000  67.5000 0000001   0.0000   0.0000 15.07000000    05
Demo-16x16 50
1 00050U 00000ABC 00001.00000000  .00000000  00000-0  00000+0 0    08
2 00050  53.0000  67.5000 0000001   0.0000  22.5000 15.07000000    06
Demo-16x16 51
1 00051U 00000ABC 00001.00000000  .00000000  00000-0  00000+0 0    09
2 00051  53.0000  67.5000 0000001   0.0000  45.0000 15.07000000    07
Demo-16x16 52
1 00052U 00000ABC 00001.00000000  .00000000  00000-0  00000+0 0    00
2 00052  53.0000  67.5000 0000001   0.0000  67.5000 15.07000000    07
Demo-16x16 53
1 00053U 00000ABC 00001.00000000  .00000000  00000-0  00000+0 0    01
2 00053  53.0000  67.5000 0000001   0.0000  90.0000 15.07000000    09
Demo-16x16 54
1 00054U 00000ABC 00001.00000000  .00000000  00000-0  00000+0 0    02
2 00054  53.0000  67.5000 0000001   0.0000 112.5000 15.07000000    00
Demo-16x16 55
1 00055U 00000ABC 00001.00000000  .00000000  00000-0  00000+0 0    03
2 00055  53.0000  67.5000 0000001   0.0000 135.0000 15.07000000    01
Demo-16x16 56
1 00056U 00000ABC 00001.00000000  .00000000  00000-0  00000+0 0    04
2 00056  53.0000  67.5000 0000001   0.0000 157.5000 15.07000000    01
Demo-16x16 57
1 00057U 00000ABC 00001.00000000  .00000000  00000-0  00000+0 0    05
2 00057  53.0000  67.5000 0000001   0.0000 180.0000 15.07000000    03
Demo-16x16 58
1 00058U 00000ABC 00001.00000000  .00000000  00000-0  00000+0 0    06
2 00058  53.0000  67.5000 0000001   0.0000 202.5000 15.07000000    04
Demo-16x16 59
1 00059U 00000ABC 00001.00000000  .00000000  00000-0  00000+0 0    07
2 00059  53.0000  67.5000 0000001   0.0000 225.0000 15.07000000    05
Demo-16x16 60
1 00060U 00000ABC 00001.00000000  .00000000  00000-0  00000+0 0    09
2 00060  53.0000  67.5000 0000001   0.0000 247.5000 15.07000000    06
Demo-16x16 61
1 00061U 00000ABC 00001.00000000  .00000000  00000-0  00000+0 0    00
2 00061  53.0000  67.5000 0000001   0.0000 270.0000 15.07000000    08
Demo-16x16 62
1 00062U 00000ABC 00001.00000000  .00000000  00000-0  00000+0 0    01
2 00062  53.0000  67.5000 0000001   0.0000 292.5000 15.07000000    08
Demo-16x16 63
1 00063U 00000ABC 00001.00000000  .00000000  00000-0  00000+0 0    02
2 00063  53.0000  67.5000 0000001   0.0000 315.0000 15.07000000    00
Demo-16x16 64
1 00064U 00000ABC 00001.00000000  .00000000  00000-0  00000+0 0    03
2 00064  53.0000  67.5000 0000001   0.0000 337.5000 15.07000000    00
Demo-16x16 65
1 00065U 00000ABC 00001.00000000  .00000000  00000-0  00000+0 0    04
2 00065  53.0000  90.0000 0000001   0.0000   0.0000 15.07000000    04
Demo-16x16 66
1 00066U 00000ABC 00001.00000000  .00000000  00000-0  00000+0 0    05
2 00066  53.0000  90.0000 0000001   0.0000  22.5000 15.07000000    04
Demo-16x16 67
1 00067U 00000ABC 00001.00000000  .00000000  00000-0  00000+0 0    06
2 00067  53.0000  90.0000 0000001   0.0000  45.0000 15.07000000    05
Demo-16x16 68
1 00068U 00000ABC 00001.00000000  .00000000  00000-0  00000+0 0    07
2 00068  53.0000  90.0000 0000001   0.0000  67.5000 15.07000000    05
Demo-16x16 69
1 00069U 00000ABC 00001.00000000  .00000000  00000-0  00000+0 0    08
2 00069  53.0000  90.0000 0000001   0.0000  90.0000 15.07000000    07
Demo-16x16 70
1 00070U 00000ABC 00001.00000000  .00000000  00000-0  00000+0 0    00
2 00070  53.0000  90.0000 0000001   0.0000 112.5000 15.07000000    09
Demo-16x16 71
1 00071U 00000ABC 00001.00000000  .00000000  00000-0  00000+0 0    01
2 00071  53.0000  90.0000 0000001   0.0000 135.0000 15.07000000    00
Demo-16x16 72
1 00072U 00000ABC 00001.00000000  .00000000  00000-0  00000+0 0    02
2 00072  53.0000  90.0000 0000001   0.0000 157.5000 15.07000000    00
Demo-16x16 73
1 00073U 00000ABC 00001.00000000  .00000000  00000-0  00000+0 0    03
2 00073  53.0000  90.0000 0000001   0.0000 180.0000 15.07000000    02
Demo-16x16 74
1 00074U 00000ABC 00001.00000000  .00000000  00000-0  00000+0 0    04
2 00074  53.0000  90.0000 0000001   0.0000 202.5000 15.07000000    03
Demo-16x16 75
1 00075U 00000ABC 00001.00000000  .00000000  00000-0  00000+0 0    05
2 00075  53.0000  90.0000 0000001   0.0000 225.0000 15.07000000    04
Demo-16x16 76
1 00076U 00000ABC 00001.00000000  .00000000  00000-0  00000+0 0    06
2 00076  53.0000  90.0000 0000001   0.0000 247.5000 15.07000000    04
Demo-16x16 77
1 00077U 00000ABC 00001.00000000  .00000000  00000-0  00000+0 0    07
2 00077  53.0000  90.0000 0000001   0.0000 270.0000 15.07000000    06
Demo-16x16 78
1 00078U 00000ABC 00001.00000000  .00000000  00000-0  00000+0 0    08
2 00078  53.0000  90.0000 0000001   0.0000 292.5000 15.07000000    06
Demo-16x16 79
1 00079U 00000ABC 00001.00000000  .00000000  00000-0  00000+0 0    09
2 00079  53.0000  90.0000 0000001   0.0000 315.0000 15.07000000    08
Demo-16x16 80
1 00080U 00000ABC 00001.00000000  .00000000  00000-0  00000+0 0    01
2 00080  53.0000  90.0000 0000001   0.0000 337.5000 15.07000000    09
Demo-16x16 81
1 00081U 00000ABC 00001.00000000  .00000000  00000-0  00000+0 0    02
2 00081  53.0000 112.5000 0000001   0.0000   0.0000 15.07000000    02
Demo-16x16 82
1 00082U 00000ABC 00001.00000000  .00000000  00000-0  00000+0 0    03
2 00082  53.0000 112.5000 0000001   0.0000  22.5000 15.07000000    02
Demo-16x16 83
1 00083U 00000ABC 00001.00000000  .00000000  00000-0  00000+0 0    04
2 00083  53.0000 112.5000 0000001   0.0000  45.0000 15.07000000    03
Demo-16x16 84
1 00084U 00000ABC 00001.00000000  .00000000  00000-0  00000+0 0    05
2 00084  53.0000 112.5000 0000001   0.0000  67.5000 15.07000000    03
Demo-16x16 85
1 00085U 00000ABC 00001.00000000  .00000000  00000-0  00000+0 0    06
2 00085  53.0000 112.5000 0000001   0.0000  90.0000 15.07000000    05
Demo-16x16 86
1 00086U 00000ABC 00001.00000000  .00000000  00000-0  00000+0 0    07
2 00086  53.0000 112.5000 0000001   0.0000 112.5000 15.07000000    06
Demo-16x16 87
1 00087U 00000ABC 00001.00000000  .00000000  00000-0  00000+0 0    08
2 00087  53.0000 112.5000 0000001   0.0000 135.0000 15.07000000    07
Demo-16x16 88
1 00088U 00000ABC 00001.00000000  .00000000  00000-0  00000+0 0    09
2 00088  53.0000 112.5000 0000001   0.0000 157.5000 15.07000000    07
Demo-16x16 89
1 00089U 00000ABC 00001.00000000  .00000000  00000-0  00000+0 0    00
2 00089  53.0000 112.5000 0000001   0.0000 180.0000 15.07000000    09
Demo-16x16 90
1 00090U 00000ABC 00001.00000000  .00000000  00000-0  00000+0 0    02
2 00090  53.0000 112.5000 0000001   0.0000 202.5000 15.07000000    01
Demo-16x16 91
1 00091U 00000ABC 00001.00000000  .00000000  00000-0  00000+0 0    03
2 00091  53.0000 112.5000 0000001   0.0000 225.0000 15.07000000    02
Demo-16x16 92
1 00092U 00000ABC 00001.00000000  .00000000  00000-0  00000+0 0    04
2 00092  53.0000 112.5000 0000001   0.0000 247.5000 15.07000000    02
Demo-16x16 93
1 00093U 00000ABC 00001.00000000  .00000000  00000-0  00000+0 0    05
2 00093  53.0000 112.5000 0000001   0.0000 270.0000 15.07000000    04
Demo-16x16 94
1 00094U 00000ABC 00001.00000000  .00000000  00000-0  00000+0 0    06
2 00094  53.0000 112.5000 0000001   0.0000 292.5000 15.07000000    04
Demo-16x16 95
1 00095U 00000ABC 00001.00000000  .00000000  00000-0  00000+0 0    07
2 00095  53.0000 112.5000 0000001   0.0000 315.0000 15.07000000    06
Demo-16x16 96
1 00096U 00000ABC 00001.00000000  .00000000  00000-0  00000+0 0    08
2 00096  53.0000 112.5000 0000001   0.0000 337.5000 15.07000000    06
Demo-16x16 97
1 00097U 00000ABC 00001.00000000  .00000000  00000-0  00000+0 0    09
2 00097  53.0000 135.0000 0000001   0.0000   0.0000 15.07000000    09
Demo-16x16 98
1 00098U 00000ABC 00001.00000000  .00000000  00000-0  00000+0 0    00
2 00098  53.0000 135.0000 0000001   0.0000  22.5000 15.07000000    09
Demo-16x16 99
1 00099U 00000ABC 00001.00000000  .00000000  00000-0  00000+0 0    01
2 00099  53.0000 135.0000 0000001   0.0000  45.0000 15.07000000    00
Demo-16x16 100
1 00100U 00000ABC 00001.00000000  .00000000  00000-0  00000+0 0    04
2 00100  53.0000 135.0000 0000001   0.0000  67.5000 15.07000000    02
Demo-16x16 101
1 00101U 00000ABC 00001.00000000  .00000000  00000-0  00000+0 0    05
2 00101  53.0000 135.0000 0000001   0.0000  90.0000 15.07000000    04
Demo-16x16 102
1 00102U 00000ABC 00001.00000000  .00000000  00000-0  00000+0 0    06
2 00102  53.0000 135.0000 0000001   0.0000 112.5000 15.07000000    05
Demo-16x16 103
1 00103U 00000ABC 00001.00000000  .00000000  00000-0  00000+0 0    07
2 00103  53.0000 135.0000 0000001   0.0000 135.0000 15.07000000    06
Demo-16x16 104
1 00104U 00000ABC 00001.00000000  .00000000  00000-0  00000+0 0    08
2 00104  53.0000 135.0000 0000001   0.0000 157.5000 15.07000000    06
Demo-16x16 105
1 00105U 00000ABC 00001.00000000  .00000000  00000-0  00000+0 0    09
2 00105  53.0000 135.0000 0000001   0.0000 180.0000 15.07000000    08
Demo-16x16 106
1 00106U 00000ABC 00001.00000000  .00000000  00000-0  00000+0 0    00
2 00106  53.0000 135.0000 0000001   0.0000 202.5000 15.07000000    09
Demo-16x16 107
1 00107U 00000ABC 00001.00000000  .00000000  00000-0  00000+0 0    01
2 00107  53.0000 135.0000 0000001   0.0000 225.0000 15.07000000    00
Demo-16x16 108
1 00108U 00000ABC 00001.00000000  .00000000  00000-0  00000+0 0    02
2 00108  53.0000 135.0000 0000001   0.0000 247.5000 15.07000000    00
Demo-16x16 109
1 00109U 00000ABC 00001.00000000  .00000000  00000-0  00000+0 0    03
2 00109  53.0000 135.0000 0000001   0.0000 270.0000 15.07000000    02
Demo-16x16 110
1 00110U 00000ABC 00001.00000000  .00000000  00000-0  00000+0 0    05
2 00110  53.0000 135.0000 0000001   0.0000 292.5000 15.07000000    03
Demo-16x16 111
1 00111U 00000ABC 00001.00000000  .00000000  00000-0  00000+0 0    06
2 00111  53.0000 135.0000 0000001   0.0000 315.0000 15.07000000    05
Demo-16x16 112
1 00112U 00000ABC 00001.00000000  .00000000  00000-0  00000+0 0    07
2 00112  53.0000 135.0000 0000001   0.0000 337.5000 15.07000000    05
Demo-16x16 113
1 00113U 00000ABC 00001.00000000  .00000000  00000-0  00000+0 0    08
2 00113  53.0000 157.5000 0000001   0.0000   0.0000 15.07000000    07
Demo-16x16 114
1 00114U 00000ABC 00001.00000000  .00000000  00000-0  00000+0 0    09
2 00114  53.0000 157.5000 0000001   0.0000  22.5000 15.07000000    07
Demo-16x16 115
1 00115U 00000ABC 00001.00000000  .00000000  00000-0  00000+0 0    00
2 00115  53.0000 157.5000 0000001   0.0000  45.0000 15.07000000    08
Demo-16x16 116
1 00116U 00000ABC 00001.00000000  .00000000  00000-0  00000+0 0    01
2 00116  53.0000 157.5000 0000001   0.0000  67.5000 15.07000000    08
Demo-16x16 117
1 00117U 00000ABC 00001.00000000  .00000000  00000-0  00000+0 0    02
2 00117  53.0000 157.5000 0000001   0.0000  90.0000 15.07000000    00
Demo-16x16 118
1 00118U 00000ABC 00001.00000000  .00000000  00000-0  00000+0 0    03
2 00118  53.0000 157.5000 0000001   0.0000 112.5000 15.07000000    01
Demo-16x16 119
1 00119U 00000ABC 00001.00000000  .00000000  00000-0  00000+0 0    04
2 00119  53.0000 157.5000 0000001   0.0000 135.0000 15.07000000    02
Demo-16x16 120
1 00120U 00000ABC 00001.00000000  .00000000  00000-0  00000+0 0    06
2 00120  53.0000 157.5000 0000001   0.0000 157.5000 15.07000000    03
Demo-16x16 121
1 00121U 00000ABC 00001.00000000  .00000000  00000-0  00000+0 0    07
2 00121  53.0000 157.5000 0000001   0.0000 180.0000 15.07000000    05
Demo-16x16 122
1 00122U 00000ABC 00001.00000000  .00000000  00000-0  00000+0 0    08
2 00122  53.0000 157.5000 0000001   0.0000 202.5000 15.07000000    06
Demo-16x16 123
1 00123U 00000ABC 00001.00000000  .00000000  00000-0  00000+0 0    09
2 00123  53.0000 157.5000 0000001   0.0000 225.0000 15.07000000    07
Demo-16x16 124
1 00124U 00000ABC 00001.00000000  .00000000  00000-0  00000+0 0    00
2 00124  53.0000 157.5000 0000001   0.0000 247.5000 15.07000000    07
Demo-16x16 125
1 00125U 00000ABC 00001.00000000  .00000000  00000-0  00000+0 0    01
2 00125  53.0000 157.5000 0000001   0.0000 270.0000 15.07000000    09
Demo-16x16 126
1 00126U 00000ABC 00001.00000000  .00000000  00000-0  00000+0 0    02
2 00126  53.0000 157.5000 0000001   0.0000 292.5000 15.07000000    09
Demo-16x16 127
1 00127U 00000ABC 00001.00000000  .00000000  00000-0  00000+0 0    03
2 00127  53.0000 157.5000 0000001   0.0000 315.0000 15.07000000    01
Demo-16x16 128
1 00128U 00000ABC 00001.00000000  .00000000  00000-0  00000+0 0    04
2 00128  53.0000 157.5000 0000001   0.0000 337.5000 15.07000000    01
Demo-16x16 129
1 00129U 00000ABC 00001.00000000  .00000000  00000-0  00000+0 0    05
2 00129  53.0000 180.0000 0000001   0.0000   0.0000 15.07000000    05
Demo-16x16 130
1 00130U 00000ABC 00001.00000000  .00000000  00000-0  00000+0 0    07
2 00130  53.0000 180.0000 0000001   0.0000  22.5000 15.07000000    06
Demo-16x16 131
1 00131U 00000ABC 00001.00000000  .00000000  00000-0  00000+0 0    08
2 00131  53.0000 180.0000 0000001   0.0000  45.0000 15.07000000    07
Demo-16x16 132
1 00132U 00000ABC 00001.00000000  .00000000  00000-0  00000+0 0    09
2 00132  53.0000 180.0000 0000001   0.0000  67.5000 15.07000000    07
Demo-16x16 133
1 00133U 00000ABC 00001.00000000  .00000000  00000-0  00000+0 0    00
2 00133  53.0000 180.0000 0000001   0.0000  90.0000 15.07000000    09
Demo-16x16 134
1 00134U 00000ABC 00001.00000000  .00000000  00000-0  00000+0 0    01
2 00134  53.0000 180.0000 0000001   0.0000 112.5000 15.07000000    00
Demo-16x16 135
1 00135U 00000ABC 00001.00000000  .00000000  00000-0  00000+0 0    02
2 00135  53.0000 180.0000 0000001   0.0000 135.0000 15.07000000    01
Demo-16x16 136
1 00136U 00000ABC 00001.00000000  .00000000  00000-0  00000+0 0    03
2 00136  53.0000 180.0000 0000001   0.0000 157.5000 15.07000000    01
Demo-16x16 137
1 00137U 00000ABC 00001.00000000  .00000000  00000-0  00000+0 0    04
2 00137  53.0000 180.0000 0000001   0.0000 180.0000 15.07000000    03
Demo-16x16 138
1 00138U 00000ABC 00001.00000000  .00000000  00000-0  00000+0 0    05
2 00138  53.0000 180.0000 0000001   0.0000 202.5000 15.07000000    04
Demo-16x16 139
1 00139U 00000ABC 00001.00000000  .00000000  00000-0  00000+0 0    06
2 00139  53.0000 180.0000 0000001   0.0000 225.0000 15.07000000    05
Demo-16x16 140
1 00140U 00000ABC 00001.00000000  .00000000  00000-0  00000+0 0    08
2 00140  53.0000 180.0000 0000001   0.0000 247.5000 15.07000000    06
Demo-16x16 141
1 00141U 00000ABC 00001.00000000  .00000000  00000-0  00000+0 0    09
2 00141  53.0000 180.0000 0000001   0.0000 270.0000 15.07000000    08
Demo-16x16 142
1 00142U 00000ABC 00001.00000000  .00000000  00000-0  00000+0 0    00
2 00142  53.0000 180.0000 0000001   0.0000 292.5000 15.07000000    08
Demo-16x16 143
1 00143U 00000ABC 00001.00000000  .00000000  00000-0  00000+0 0    01
2 00143  53.0000 180.0000 0000001   0.0000 315.0000 15.07000000    00
Demo-16x16 144
1 00144U 00000ABC 00001.00000000  .00000000  00000-0  00000+0 0    02
2 00144  53.0000 180.0000 0000001   0.0000 337.5000 15.07000000    00
Demo-16x16 145
1 00145U 00000ABC 00001.00000000  .00000000  00000-0  00000+0 0    03
2 00145  53.0000 202.5000 0000001   0.0000   0.0000 15.07000000    03
Demo-16x16 146
1 00146U 00000ABC 00001.00000000  .00000000  00000-0  00000+0 0    04
2 00146  53.0000 202.5000 0000001   0.0000  22.5000 15.07000000    03
Demo-16x16 147
1 00147U 00000ABC 00001.00000000  .00000000  00000-0  00000+0 0    05
2 00147  53.0000 202.5000 0000001   0.0000  45.0000 15.07000000    04
Demo-16x16 148
1 00148U 00000ABC 00001.00000000  .00000000  00000-0  00000+0 0    06
2 00148  53.0000 202.5000 0000001   0.0000  67.5000 15.07000000    04
Demo-16x16 149
1 00149U 00000ABC 00001.00000000  .00000000  00000-0  00000+0 0    07
2 00149  53.0000 202.5000 0000001   0.0000  90.0000 15.07000000    06
Demo-16x16 150
1 00150U 00000ABC 00001.00000000  .00000000  00000-0  00000+0 0    09
2 00150  53.0000 202.5000 0000001   0.0000 112.5000 15.07000000    08
Demo-16x16 151
1 00151U 00000ABC 00001.00000000  .00000000  00000-0  00000+0 0    00
2 00151  53.0000 202.5000 0000001   0.0000 135.0000 15.07000000    09
Demo-16x16 152
1 00152U 00000ABC 00001.00000000  .00000000  00000-0  00000+0 0    01
2 00152  53.0000 202.5000 0000001   0.0000 157.5000 15.07000000    09
Demo-16x16 153
1 00153U 00000ABC 00001.00000000  .00000000  00000-0  00000+0 0    02
2 00153  53.0000 202.5000 0000001   0.0000 180.0000 15.07000000    01
Demo-16x16 154
1 00154U 00000ABC 00001.00000000  .00000000  00000-0  00000+0 0    03
2 00154  53.0000 202.5000 0000001   0.0000 202.5000 15.07000000    02
Demo-16x16 155
1 00155U 00000ABC 00001.00000000  .00000000  00000-0  00000+0 0    04
2 00155  53.0000 202.5000 0000001   0.0000 225.0000 15.07000000    03
Demo-16x16 156
1 00156U 00000ABC 00001.00000000  .00000000  00000-0  00000+0 0    05
2 00156  53.0000 202.5000 0000001   0.0000 247.5000 15.07000000    03
Demo-16x16 157
1 00157U 00000ABC 00001.00000000  .00000000  00000-0  00000+0 0    06
2 00157  53.0000 202.5000 0000001   0.0000 270.0000 15.07000000    05
Demo-16x16 158
1 00158U 00000ABC 00001.00000000  .00000000  00000-0  00000+0 0    07
2 00158  53.0000 202.5000 0000001   0.0000 292.5000 15.07000000    05
Demo-16x16 159
1 00159U 00000ABC 00001.00000000  .00000000  00000-0  00000+0 0    08
2 00159  53.0000 202.5000 0000001   0.0000 315.0000 15.07000000    07
Demo-16x16 160
1 00160U 00000ABC 00001.00000000  .00000000  00000-0  00000+0 0    00
2 00160  53.0000 202.5000 0000001   0.0000 337.5000 15.07000000    08
Demo-16x16 161
1 00161U 00000ABC 00001.00000000  .00000000  00000-0  00000+0 0    01
2 00161  53.0000 225.0000 0000001   0.0000   0.0000 15.07000000    01
Demo-16x16 162
1 00162U 00000ABC 00001.00000000  .00000000  00000-0  00000+0 0    02
2 00162  53.0000 225.0000 0000001   0.0000  22.5000 15.07000000    01
Demo-16x16 163
1 00163U 00000ABC 00001.00000000  .00000000  00000-0  00000+0 0    03
2 00163  53.0000 225.0000 0000001   0.0000  45.0000 15.07000000    02
Demo-16x16 164
1 00164U 00000ABC 00001.00000000  .00000000  00000-0  00000+0 0    04
2 00164  53.0000 225.0000 0000001   0.0000  67.5000 15.07000000    02
Demo-16x16 165
1 00165U 00000ABC 00001.00000000  .00000000  00000-0  00000+0 0    05
2 00165  53.0000 225.0000 0000001   0.0000  90.0000 15.07000000    04
Demo-16x16 166
1 00166U 00000ABC 00001.00000000  .00000000  00000-0  00000+0 0    06
2 00166  53.0000 225.0000 0000001   0.0000 112.5000 15.07000000    05
Demo-16x16 167
1 00167U 00000ABC 00001.00000000  .00000000  00000-0  00000+0 0    07
2 00167  53.0000 225.0000 0000001   0.0000 135.0000 15.07000000    06
Demo-16x16 168
1 00168U 00000ABC 00001.00000000  .00000000  00000-0  00000+0 0    08
2 00168  53.0000 225.0000 0000001   0.0000 157.5000 15.07000000    06
Demo-16x16 169
1 00169U 00000ABC 00001.00000000  .00000000  00000-0  00000+0 0    09
2 00169  53.0000 225.0000 0000001   0.0000 180.0000 15.07000000    08
Demo-16x16 170
1 00170U 00000ABC 00001.00000000  .00000000  00000-0  00000+0 0    01
2 00170  53.0000 225.0000 0000001   0.0000 202.5000 15.07000000    00
Demo-16x16 171
1 00171U 00000ABC 00001.00000000  .00000000  00000-0  00000+0 0    02
2 00171  53.0000 225.0000 0000001   0.0000 225.0000 15.07000000    01
Demo-16x16 172
1 00172U 00000ABC 00001.00000000  .00000000  00000-0  00000+0 0    03
2 00172  53.0000 225.0000 0000001   0.0000 247.5000 15.07000000    01
Demo-16x16 173
1 00173U 00000ABC 00001.00000000  .00000000  00000-0  00000+0 0    04
2 00173  53.0000 225.0000 0000001   0.0000 270.0000 15.07000000    03
Demo-16x16 174
1 00174U 00000ABC 00001.00000000  .00000000  00000-0  00000+0 0    05
2 00174  53.0000 225.0000 0000001   0.0000 292.5000 15.07000000    03
Demo-16x16 175
1 00175U 00000ABC 00001.00000000  .00000000  00000-0  00000+0 0    06
2 00175  53.0000 225.0000 0000001   0.0000 315.0000 15.07000000    05
Demo-16x16 176
1 00176U 00000ABC 00001.00000000  .00000000  00000-0  00000+0 0    07
2 00176  53.0000 225.0000 0000001   0.0000 337.5000 15.07000000    05
Demo-16x16 177
1 00177U 00000ABC 00001.00000000  .00000000  00000-0  00000+0 0    08
2 00177  53.0000 247.5000 0000001   0.0000   0.0000 15.07000000    07
Demo-16x16 178
1 00178U 00000ABC 00001.00000000  .00000000  00000-0  00000+0 0    09
2 00178  53.0000 247.5000 0000001   0.0000  22.5000 15.07000000    07
Demo-16x16 179
1 00179U 00000ABC 00001.00000000  .00000000  00000-0  00000+0 0    00
2 00179  53.0000 247.5000 0000001   0.0000  45.0000 15.07000000    08
Demo-16x16 180
1 00180U 00000ABC 00001.00000000  .00000000  00000-0  00000+0 0    02
2 00180  53.0000 247.5000 0000001   0.0000  67.5000 15.07000000    09
Demo-16x16 181
1 00181U 00000ABC 00001.00000000  .00000000  00000-0  00000+0 0    03
2 00181  53.0000 247.5000 0000001   0.0000  90.0000 15.07000000    01
Demo-16x16 182
1 00182U 00000ABC 00001.00000000  .00000000  00000-0  00000+0 0    04
2 00182  53.0000 247.5000 0000001   0.0000 112.5000 15.07000000    02
Demo-16x16 183
1 00183U 00000ABC 00001.00000000  .00000000  00000-0  00000+0 0    05
2 00183  53.0000 247.5000 0000001   0.0000 135.0000 15.07000000    03
Demo-16x16 184
1 00184U 00000ABC 00001.00000000  .00000000  00000-0  00000+0 0    06
2 00184  53.0000 247.5000 0000001   0.0000 157.5000 15.07000000    03
Demo-16x16 185
1 00185U 00000ABC 00001.00000000  .00000000  00000-0  00000+0 0    07
2 00185  53.0000 247.5000 0000001   0.0000 180.0000 15.07000000    05
Demo-16x16 186
1 00186U 00000ABC 00001.00000000  .00000000  00000-0  00000+0 0    08
2 00186  53.0000 247.5000 0000001   0.0000 202.5000 15.07000000    06
Demo-16x16 187
1 00187U 00000ABC 00001.00000000  .00000000  00000-0  00000+0 0    09
2 00187  53.0000 247.5000 0000001   0.0000 225.0000 15.07000000    07
Demo-16x16 188
1 00188U 00000ABC 00001.00000000  .00000000  00000-0  00000+0 0    00
2 00188  53.0000 247.5000 0000001   0.0000 247.5000 15.07000000    07
Demo-16x16 189
1 00189U 00000ABC 00001.00000000  .00000000  00000-0  00000+0 0    01
2 00189  53.0000 247.5000 0000001   0.0000 270.0000 15.07000000    09
Demo-16x16 190
1 00190U 00000ABC 00001.00000000  .00000000  00000-0  00000+0 0    03
2 00190  53.0000 247.5000 0000001   0.0000 292.5000 15.07000000    00
Demo-16x16 191
1 00191U 00000ABC 00001.00000000  .00000000  00000-0  00000+0 0    04
2 00191  53.0000 247.5000 0000001   0.0000 315.0000 15.07000000    02
Demo-16x16 192
1 00192U 00000ABC 00001.00000000  .00000000  00000-0  00000+0 0    05
2 00192  53.0000 247.5000 0000001   0.0000 337.5000 15.07000000    02
Demo-16x16 193
1 00193U 00000ABC 00001.00000000  .00000000  00000-0  00000+0 0    06
2 00193  53.0000 270.0000 0000001   0.0000   0.0000 15.07000000    06
Demo-16x16 194
1 00194U 00000ABC 00001.00000000  .00000000  00000-0  00000+0 0    07
2 00194  53.0000 270.0000 0000001   0.0000  22.5000 15.07000000    06
Demo-16x16 195
1 00195U 00000ABC 00001.00000000  .00000000  00000-0  00000+0 0    08
2 00195  53.0000 270.0000 0000001   0.0000  45.0000 15.07000000    07
Demo-16x16 196
1 00196U 00000ABC 00001.00000000  .00000000  00000-0  00000+0 0    09
2 00196  53.0000 270.0000 0000001   0.0000  67.5000 15.07000000    07
Demo-16x16 197
1 00197U 00000ABC 00001.00000000  .00000000  00000-0  00000+0 0    00
2 00197  53.0000 270.0000 0000001   0.0000  90.0000 15.07000000    09
Demo-16x16 198
1 00198U 00000ABC 00001.00000000  .00000000  00000-0  00000+0 0    01
2 00198  53.0000 270.0000 0000001   0.0000 112.5000 15.07000000    00
Demo-16x16 199
1 00199U 00000ABC 00001.00000000  .00000000  00000-0  00000+0 0    02
2 00199  53.0000 270.0000 0000001   0.0000 135.0000 15.07000000    01
Demo-16x16 200
1 00200U 00000ABC 00001.00000000  .00000000  00000-0  00000+0 0    05
2 00200  53.0000 270.0000 0000001   0.0000 157.5000 15.07000000    03
Demo-16x16 201
1 00201U 00000ABC 00001.00000000  .00000000  00000-0  00000+0 0    06
2 00201  53.0000 270.0000 0000001   0.0000 180.0000 15.07000000    05
Demo-16x16 202
1 00202U 00000ABC 00001.00000000  .00000000  00000-0  00000+0 0    07
2 00202  53.0000 270.0000 0000001   0.0000 202.5000 15.07000000    06
Demo-16x16 203
1 00203U 00000ABC 00001.00000000  .00000000  00000-0  00000+0 0    08
2 00203  53.0000 270.0000 0000001   0.0000 225.0000 15.07000000    07
Demo-16x16 204
1 00204U 00000ABC 00001.00000000  .00000000  00000-0  00000+0 0    09
2 00204  53.0000 270.0000 0000001   0.0000 247.5000 15.07000000    07
Demo-16x16 205
1 00205U 00000ABC 00001.00000000  .00000000  00000-0  00000+0 0    00
2 00205  53.0000 270.0000 0000001   0.0000 270.0000 15.07000000    09
Demo-16x16 206
1 00206U 00000ABC 00001.00000000  .00000000  00000-0  00000+0 0    01
2 00206  53.0000 270.0000 0000001   0.0000 292.5000 15.07000000    09
Demo-16x16 207
1 00207U 00000ABC 00001.00000000  .00000000  00000-0  00000+0 0    02
2 00207  53.0000 270.0000 0000001   0.0000 315.0000 15.07000000    01
Demo-16x16 208
1 00208U 00000ABC 00001.00000000  .00000000  00000-0  00000+0 0    03
2 00208  53.0000 270.0000 0000001   0.0000 337.5000 15.07000000    01
Demo-16x16 209
1 00209U 00000ABC 00001.00000000  .00000000  00000-0  00000+0 0    04
2 00209  53.0000 292.5000 0000001   0.0000   0.0000 15.07000000    03
Demo-16x16 210
1 00210U 00000ABC 00001.00000000  .00000000  00000-0  00000+0 0    06
2 00210  53.0000 292.5000 0000001   0.0000  22.5000 15.07000000    04
Demo-16x16 211
1 00211U 00000ABC 00001.00000000  .00000000  00000-0  00000+0 0    07
2 00211  53.0000 292.5000 0000001   0.0000  45.0000 15.07000000    05
Demo-16x16 212
1 00212U 00000ABC 00001.00000000  .00000000  00000-0  00000+0 0    08
2 00212  53.0000 292.5000 0000001   0.0000  67.5000 15.07000000    05
Demo-16x16 213
1 00213U 00000ABC 00001.00000000  .00000000  00000-0  00000+0 0    09
2 00213  53.0000 292.5000 0000001   0.0000  90.0000 15.07000000    07
Demo-16x16 214
1 00214U 00000ABC 00001.00000000  .00000000  00000-0  00000+0 0    00
2 00214  53.0000 292.5000 0000001   0.0000 112.5000 15.07000000    08
Demo-16x16 215
1 00215U 00000ABC 00001.00000000  .00000000  00000-0  00000+0 0    01
2 00215  53.0000 292.5000 0000001   0.0000 135.0000 15.07000000    09
Demo-16x16 216
1 00216U 00000ABC 00001.00000000  .00000000  00000-0  00000+0 0    02
2 00216  53.0000 292.5000 0000001   0.0000 157.5000 15.07000000    09
Demo-16x16 217
1 00217U 00000ABC 00001.00000000  .00000000  00000-0  00000+0 0    03
2 00217  53.0000 292.5000 0000001   0.0000 180.0000 15.07000000    01
Demo-16x16 218
1 00218U 00000ABC 00001.00000000  .00000000  00000-0  00000+0 0    04
2 00218  53.0000 292.5000 0000001   0.0000 202.5000 15.07000000    02
Demo-16x16 219
1 00219U 00000ABC 00001.00000000  .00000000  00000-0  00000+0 0    05
2 00219  53.0000 292.5000 0000001   0.0000 225.0000 15.07000000    03
Demo-16x16 220
1 00220U 00000ABC 00001.00000000  .00000000  00000-0  00000+0 0    07
2 00220  53.0000 292.5000 0000001   0.0000 247.5000 15.07000000    04
Demo-16x16 221
1 00221U 00000ABC 00001.00000000  .00000000  00000-0  00000+0 0    08
2 00221  53.0000 292.5000 0000001   0.0000 270.0000 15.07000000    06
Demo-16x16 222
1 00222U 00000ABC 00001.00000000  .00000000  00000-0  00000+0 0    09
2 00222  53.0000 292.5000 0000001   0.0000 292.5000 15.07000000    06
Demo-16x16 223
1 00223U 00000ABC 00001.00000000  .00000000  00000-0  00000+0 0    00
2 00223  53.0000 292.5000 0000001   0.0000 315.0000 15.07000000    08
Demo-16x16 224
1 00224U 00000ABC 00001.00000000  .00000000  00000-0  00000+0 0    01
2 00224  53.0000 292.5000 0000001   0.0000 337.5000 15.07000000    08
Demo-16x16 225
1 00225U 00000ABC 00001.00000000  .00000000  00000-0  00000+0 0    02
2 00225  53.0000 315.0000 0000001   0.0000   0.0000 15.07000000    02
Demo-16x16 226
1 00226U 00000ABC 00001.00000000  .00000000  00000-0  00000+0 0    03
2 00226  53.0000 315.0000 0000001   0.0000  22.5000 15.07000000    02
Demo-16x16 227
1 00227U 00000ABC 00001.00000000  .00000000  00000-0  00000+0 0    04
2 00227  53.0000 315.0000 0000001   0.0000  45.0000 15.07000000    03
Demo-16x16 228
1 00228U 00000ABC 00001.00000000  .00000000  00000-0  00000+0 0    05
2 00228  53.0000 315.0000 0000001   0.0000  67.5000 15.07000000    03
Demo-16x16 229
1 00229U 00000ABC 00001.00000000  .00000000  00000-0  00000+0 0    06
2 00229  53.0000 315.0000 0000001   0.0000  90.0000 15.07000000    05
Demo-16x16 230
1 00230U 00000ABC 00001.00000000  .00000000  00000-0  00000+0 0    08
2 00230  53.0000 315.0000 0000001   0.0000 112.5000 15.07000000    07
Demo-16x16 231
1 00231U 00000ABC 00001.00000000  .00000000  00000-0  00000+0 0    09
2 00231  53.0000 315.0000 0000001   0.0000 135.0000 15.07000000    08
Demo-16x16 232
1 00232U 00000ABC 00001.00000000  .00000000  00000-0  00000+0 0    00
2 00232  53.0000 315.0000 0000001   0.0000 157.5000 15.07000000    08
Demo-16x16 233
1 00233U 00000ABC 00001.00000000  .00000000  00000-0  00000+0 0    01
2 00233  53.0000 315.0000 0000001   0.0000 180.0000 15.07000000    00
Demo-16x16 234
1 00234U 00000ABC 00001.00000000  .00000000  00000-0  00000+0 0    02
2 00234  53.0000 315.0000 0000001   0.0000 202.5000 15.07000000    01
Demo-16x16 235
1 00235U 00000ABC 00001.00000000  .00000000  00000-0  00000+0 0    03
2 00235  53.0000 315.0000 0000001   0.0000 225.0000 15.07000000    02
Demo-16x16 236
1 00236U 00000ABC 00001.00000000  .00000000  00000-0  00000+0 0    04
2 00236  53.0000 315.0000 0000001   0.0000 247.5000 15.07000000    02
Demo-16x16 237
1 00237U 00000ABC 00001.00000000  .00000000  00000-0  00000+0 0    05
2 00237  53.0000 315.0000 0000001   0.0000 270.0000 15.07000000    04
Demo-16x16 238
1 00238U 00000ABC 00001.00000000  .00000000  00000-0  00000+0 0    06
2 00238  53.0000 315.0000 0000001   0.0000 292.5000 15.07000000    04
Demo-16x16 239
1 00239U 00000ABC 00001.00000000  .00000000  00000-0  00000+0 0    07
2 00239  53.0000 315.0000 0000001   0.0000 315.0000 15.07000000    06
Demo-16x16 240
1 00240U 00000ABC 00001.00000000  .00000000  00000-0  00000+0 0    09
2 00240  53.0000 315.0000 0000001   0.0000 337.5000 15.07000000    07
Demo-16x16 241
1 00241U 00000ABC 00001.00000000  .00000000  00000-0  00000+0 0    00
2 00241  53.0000 337.5000 0000001   0.0000   0.0000 15.07000000    09
Demo-16x16 242
1 00242U 00000ABC 00001.00000000  .00000000  00000-0  00000+0 0    01
2 00242  53.0000 337.5000 0000001   0.0000  22.5000 15.07000000    09
Demo-16x16 243
1 00243U 00000ABC 00001.00000000  .00000000  00000-0  00000+0 0    02
2 00243  53.0000 337.5000 0000001   0.0000  45.0000 15.07000000    00
Demo-16x16 244
1 00244U 00000ABC 00001.00000000  .00000000  00000-0  00000+0 0    03
2 00244  53.0000 337.5000 0000001   0.0000  67.5000 15.07000000    00
Demo-16x16 245
1 00245U 00000ABC 00001.00000000  .00000000  00000-0  00000+0 0    04
2 00245  53.0000 337.5000 0000001   0.0000  90.0000 15.07000000    02
Demo-16x16 246
1 00246U 00000ABC 00001.00000000  .00000000  00000-0  00000+0 0    05
2 00246  53.0000 337.5000 0000001   0.0000 112.5000 15.07000000    03
Demo-16x16 247
1 00247U 00000ABC 00001.00000000  .00000000  00000-0  00000+0 0    06
2 00247  53.0000 337.5000 0000001   0.0000 135.0000 15.07000000    04
Demo-16x16 248
1 00248U 00000ABC 00001.00000000  .00000000  00000-0  00000+0 0    07
2 00248  53.0000 337.5000 0000001   0.0000 157.5000 15.07000000    04
Demo-16x16 249
1 00249U 00000ABC 00001.00000000  .00000000  00000-0  00000+0 0    08
2 00249  53.0000 337.5000 0000001   0.0000 180.0000 15.07000000    06
Demo-16x16 250
1 00250U 00000ABC 00001.00000000  .00000000  00000-0  00000+0 0    00
2 00250  53.0000 337.5000 0000001   0.0000 202.5000 15.07000000    08
Demo-16x16 251
1 00251U 00000ABC 00001.00000000  .00000000  00000-0  00000+0 0    01
2 00251  53.0000 337.5000 0000001   0.0000 225.0000 15.07000000    09
Demo-16x16 252
1 00252U 00000ABC 00001.00000000  .00000000  00000-0  00000+0 0    02
2 00252  53.0000 337.5000 0000001   0.0000 247.5000 15.07000000    09
Demo-16x16 253
1 00253U 00000ABC 00001.00000000  .00000000  00000-0  00000+0 0    03
2 00253  53.0000 337.5000 0000001   0.0000 270.0000 15.07000000    01
Demo-16x16 254
1 00254U 00000ABC 00001.00000000  .00000000  00000-0  00000+0 0    04
2 00254  53.0000 337.5000 0000001   0.0000 292.5000 15.07000000    01
Demo-16x16 255
1 00255U 00000ABC 00001.00000000  .00000000  00000-0  00000+0 0    05
2 00255  53.0000 337.5000 0000001   0.0000 315.0000 15.07000000    03
Demo-16x16 256
1 00256U 00000ABC 00001.00000000  .00000000  00000-0  00000+0 0    06
2 00256  53.0000 337.5000 0000001   0.0000 337.5000 15.07000000    03
