3 3
Demo-3x3 1
1 00001U 00000ABC 00001.00000000  .00000000  00000-0  00000+0 0    04
2 00001  53.0000   0.0000 0000001   0.0000   0.0000 15.07000000    05
Demo-3x3 2
1 00002U 00000ABC 00001.00000000  .00000000  00000-0  00000+0 0    05
2 00002  53.0000   0.0000 0000001   0.0000 120.0000 15.07000000    09
Demo-3x3 3
1 00003U 00000ABC 00001.00000000  .00000000  00000-0  00000+0 0    06
2 00003  53.0000   0.0000 0000001   0.0000 240.0000 15.07000000    03
Demo-3x3 4
1 00004U 00000ABC 00001.00000000  .00000000  00000-0  00000+0 0    07
2 00004  53.0000 120.0000 0000001   0.0000   0.0000 15.07000000    01
Demo-3x3 5
1 00005U 00000ABC 00001.00000000  .00000000  00000-0  00000+0 0    08
2 00005  53.0000 120.0000 0000001   0.0000 120.0000 15.07000000    05
Demo-3x3 6
1 00006U 00000ABC 00001.00000000  .00000000  00000-0  00000+0 0    09
2 00006  53.0000 120.0000 0000001   0.0000 240.0000 15.07000000    09
Demo-3x3 7
1 00007U 00000ABC 00001.00000000  .00000000  00000-0  00000+0 0    00
2 00007  53.0000 240.0000 0000001   0.0000   0.0000 15.07000000    07
Demo-3x3 8
1 00008U 00000ABC 00001.00000000  .00000000  00000-0  00000+0 0    01
2 00008  53.0000 240.0000 0000001   0.0000 120.0000 15.07000000    01
Demo-3x3 9
1 00009U 00000ABC 00001.00000000  .00000000  00000-0  00000+0 0    02
2 00009  53.0000 240.0000 0000001   0.0000 240.0000 15.07000000    05
